1071507
1071509
1071513
1071514
1071515
1071517
1071521
1071522
1071528
1071529
1071532
1071533
1071535
1071536
1071538
1071539
1071541
1071542
1071543
1071546
1071548
1071549
1071550
1071552
1071553
1071554
1071557
1071558
1071560
1071567
1071568
1071569
1071570
1071571
1071572
1071573
1071574
1071575
1071577
1071578
1071579
1071581
1071583
1071584
1071585
1071588
1071591
1071592
1071595
1071597
1071600
1071601
1071602
1071603
1071605
1071606
1071607
1071609
1071610
1071611
1071612
1071613
1071614
1071616
1071617
1071618
1071619
1071620
1071622
1071623
1071624
1071625
1071628
1071629
1071630
1071631
1071632
1071636
1071637
1071640
1071641
1071643
1071645
1071647
1071648
1071649
1071651
1071652
1071653
1071654
1071655
1071656
1071657
1071658
1071659
1071660
1071663
1071664
1071665
1071666
1071667
1071668
1071669
1071670
1071671
1071675
1071677
1071678
1071679
1071680
1071685
1071686
1071687
1071688
1071689
1071690
1071691
1071692
1071693
1071694
1071695
1071696
1071697
1071698
1071701
1071702
1071703
1071704
1071707
1071708
1071709
1071711
1071712
1071713
1071714
1071715
1071716
1071717
1071718
1071719
1071720
1071721
1071722
1071725
1071726
1071727
1071728
1071729
1071730
1071731
1071734
1071736
1071738
1071739
1071741
1071743
1071744
1071746
1071747
1071748
1071750
1071751
1071752
1071753
1071757
1071758
1071759
1071760
1071761
1071762
1071763
1071764
1071765
1071766
1071768
1071769
1071770
1071771
1071772
1071775
1071776
1071777
1071778
1071779
1071783
1071784
1071785
1071787
1071788
1071790
1071792
1071794
1071795
1071796
1071797
1071798
1071800
1071801
1071803
1071804
1071806
1071807
1071808
1071809
1071810
1071811
1071812
1071813
1071815
1071816
1071817
1071818
1071819
1071822
1071823
1071824
1071825
1071827
1071828
1071829
1071831
1071833
1071835
1071837
1071838
1071839
1071840
1071842
1071843
1071844
1071846
1071847
1071848
1071849
1071850
1071851
1071852
1071853
1071854
1071855
1071856
1071858
1071859
1071860
1071861
1071863
1071864
1071866
1071867
1071868
1071871
1071872
1071873
1071874
1071875
1071877
1071878
1071879
1071880
1071883
1071884
1071885
1071887
1071888
1071890
1071892
1071893
1071894
1071895
1071897
1071900
1071901
1071903
1071904
1071905
1071906
1071907
1071908
1071910
1071911
1071912
1071913
1071914
1071916
1071917
1071919
1071920
1071921
1071922
1071923
1071924
1071925
1071926
1071927
1071928
1071929
1071930
1071931
1071932
1071933
1071936
1071937
1071939
1071940
1071941
1071942
1071945
1071946
1071947
1071948
1071949
1071951
1071952
1071953
1071954
1071955
1071962
1071963
1071964
1071965
1071966
1071968
1071969
1071970
1071971
1071972
1071974
1071975
1071976
1071977
1071978
1071980
1071981
1071982
1071983
1071984
1071986
1071988
1071989
1071990
1071991
1071994
1071995
1071996
1071997
1071998
1072000
1072001
1072003
1072005
1072006
1072008
1072009
1072010
1072013
1072015
1072016
1072017
1072018
1072019
1072020
1072022
1072023
1072024
1072028
1072029
1072030
1072032
1072034
1072036
1072037
1072038
1072039
1072040
1072041
1072042
1072043
1072044
1072045
1072046
1072047
1072048
1072049
1072050
1072052
1072053
1072054
1072055
1072056
1072057
1072058
1072059
1072060
1072061
1072063
1072064
1072065
1072068
1072071
1072072
1072073
1072074
1072079
1072080
1072081
1072082
1072083
1072087
1072088
1072089
1072090
1072091
1072092
1072093
1072094
1072096
1072097
1072098
1072099
1072100
1072101
1072102
1072103
1072104
1072105
1072106
1072109
1072110
1072111
1072112
1072113
1072115
1072116
1072117
1072118
1072121
1072124
1072125
1072126
1072128
1072129
1072130
1072133
1072134
1072136
1072137
1072138
1072140
1072141
1072142
1072143
1072146
1072147
1072148
1072149
1072150
1072151
1072152
1072153
1072155
1072156
1072157
1072158
1072159
1072161
1072162
1072163
1072164
1072165
1072166
1072168
1072169
1072170
1072171
1072172
1072173
1072175
1072176
1072177
1072178
1072179
1072180
1072181
1072182
1072183
1072186
1072188
1072192
1072193
1072194
1072197
1072198
1072202
1072203
1072204
1072205
1072206
1072208
1072209
1072210
1072211
1072214
1072215
1072216
1072217
1072218
1072219
1072220
1072221
1072222
1072223
1072224
1072226
1072227
1072228
1072229
1072230
1072231
1072232
1072233
1072235
1072236
1072238
1072239
1072242
1072243
1072244
1072246
1072247
1072248
1072249
1072251
1072252
1072253
1072254
1072256
1072259
1072261
1072262
1072263
1072264
1072267
1072268
1072269
1072270
1072271
1072272
1072273
1072274
1072276
1072277
1072279
1072280
1072281
1072283
1072284
1072286
1072287
1072288
1072289
1072290
1072293
1072294
1072295
1072296
1072297
1072298
1072299
1072300
1072301
1072303
1072305
1072306
1072307
1072308
1072310
1072311
1072312
1072315
1072320
1072321
1072322
1072324
1072325
1072326
1072327
1072328
1072329
1072331
1072332
1072333
1072334
1072335
1072336
1072337
1072338
1072340
1072341
1072342
1072343
1072344
1072345
1072346
1072348
1072349
1072350
1072352
1072354
1072355
1072356
1072357
1072358
1072359
1072360
1072361
1072362
1072363
1072365
1072366
1072367
1072368
1072369
1072372
1072375
1072376
1072377
1072378
1072380
1072383
1072384
1072385
1072386
1072389
1072390
1072391
1072392
1072393
1072395
1072397
1072398
1072399
1072400
1072402
1072403
1072405
1072406
1072407
1072408
1072409
1072410
1072411
1072412
1072413
1072414
1072415
1072416
1072417
1072418
1072419
1072420
1072421
1072422
1072423
1072426
1072427
1072428
1072429
1072430
1072432
1072433
1072434
1072438
1072440
1072442
1072443
1072444
1072446
1072448
1072449
1072450
1072451
1072452
1072454
1072455
1072458
1072459
1072460
1072461
1072462
1072463
1072465
1072466
1072467
1072468
1072470
1072471
1072472
1072473
1072475
1072477
1072478
1072479
1072480
1072482
1072483
1072484
1072485
1072486
1072487
1072488
1072490
1072491
1072494
1072496
1072497
1072499
1072500
1072501
1072502
1072504
1072506
1072507
1072508
1072510
1072511
1072513
1072515
1072516
1072517
1072518
1072519
1072520
1072521
1072522
1072523
1072525
1072526
1072528
1072530
1072531
1072532
1072533
1072534
1072535
1072536
1072537
1072538
1072540
1072542
1072543
1072544
1072545
1072546
1072547
1072548
1072551
1072552
1072553
1072554
1072555
1072556
1072557
1072558
1072559
1072560
1072561
1072562
1072563
1072566
1072568
1072569
1072572
1072573
1072574
1072576
1072577
1072578
1072580
1072582
1072584
1072586
1072587
1072588
1072589
1072590
1072591
1072593
1072594
1072595
1072596
1072597
1072598
1072600
1072601
1072602
1072603
1072605
1072606
1072607
1072608
1072611
1072612
1072613
1072614
1072616
1072617
1072618
1072619
1072621
1072624
1072625
1072626
1072627
1072628
1072629
1072630
1072631
1072632
1072634
1072635
1072637
1072638
1072640
1072642
1072643
1072644
1072645
1072646
1072647
1072649
1072650
1072651
1072652
1072653
1072655
1072656
1072657
1072658
1072659
1072660
1072661
1072662
1072663
1072664
1072667
1072668
1072669
1072670
1072671
1072672
1072674
1072675
1072677
1072678
1072679
1072682
1072683
1072684
1072685
1072687
1072689
1072690
1072691
1072692
1072693
1072697
1072698
1072699
1072700
1072701
1072704
1072707
1072708
1072709
1072710
1072711
1072712
1072713
1072714
1072716
1072717
1072719
1072720
1072721
1072722
1072723
1072724
1072726
1072728
1072729
1072731
1072732
1072733
1072734
1072735
1072736
1072738
1072739
1072740
1072741
1072743
1072744
1072745
1072746
1072747
1072750
1072752
1072754
1072755
1072756
1072758
1072760
1072762
1072764
1072765
1072766
1072767
1072768
1072769
1072770
1072771
1072773
1072774
1072775
1072776
1072777
1072778
1072780
1072781
1072782
1072783
1072784
1072786
1072787
1072788
1072789
1072791
1072794
1072795
1072796
1072798
1072801
1072802
1072804
1072805
1072806
1072807
1072808
1072810
1072812
1072814
1072815
1072816
1072817
1072818
1072820
1072821
1072822
1072823
1072824
1072826
1072827
1072828
1072829
1072830
1072833
1072835
1072836
1072837
1072838
1072840
1072841
1072842
1072844
1072845
1072846
1072847
1072848
1072850
1072851
1072852
1072853
1072854
1072856
1072857
1072860
1072861
1072863
1072864
1072865
1072866
1072868
1072869
1072871
1072872
1072873
1072874
1072877
1072878
1072879
1072880
1072881
1072883
1072884
1072885
1072886
1072887
1072888
1072889
1072890
1072892
1072893
1072894
1072895
1072896
1072897
1072902
1072903
1072905
1072906
1072907
1072909
1072910
1072911
1072912
1072913
1072915
1072917
1072919
1072920
1072921
1072922
1072923
1072924
1072925
1072926
1072929
1072930
1072932
1072934
1072936
1072937
1072938
1072939
1072940
1072941
1072942
1072943
1072944
1072947
1072949
1072950
1072951
1072952
1072953
1072955
1072957
1072958
1072959
1072960
1072961
1072963
1072964
1072965
1072966
1072967
1072969
1072970
1072971
1072973
1072974
1072975
1072976
1072977
1072978
1072979
1072980
1072981
1072982
1072984
1072985
1072987
1072988
1072989
1072990
1072991
1072992
1072993
1072994
1072996
1073001
1073003
1073005
1073006
1073007
1073008
1073012
1073013
1073014
1073015
1073016
1073017
1073018
1073019
1073020
1073021
1073023
1073024
1073025
1073026
1073027
1073028
1073030
1073031
1073034
1073035
1073037
1073039
1073040
1073043
1073044
1073046
1073047
1073048
1073049
1073050
1073051
1073052
1073053
1073054
1073055
1073057
1073058
1073059
1073060
1073062
1073064
1073065
1073067
1073068
1073069
1073071
1073072
1073073
1073074
1073076
1073077
1073079
1073081
1073082
1073083
1073084
1073085
1073087
1073089
1073090
1073091
1073093
1073095
1073096
1073097
1073098
1073099
1073100
1073101
1073103
1073104
1073105
1073106
1073107
1073108
1073109
1073110
1073111
1073114
1073116
1073117
1073118
1073119
1073120
1073121
1073122
1073123
1073124
1073125
1073126
1073129
1073130
1073131
1073132
1073133
1073136
1073137
1073139
1073140
1073141
1073143
1073144
1073145
1073146
1073147
1073149
1073152
1073153
1073154
1073155
1073158
1073159
1073160
1073161
1073163
1073165
1073166
1073167
1073168
1073169
1073170
1073171
1073172
1073173
1073174
1073175
1073177
1073179
1073180
1073181
1073182
1073184
1073185
1073186
1073187
1073189
1073191
1073192
1073193
1073195
1073196
1073197
1073201
1073202
1073203
1073204
1073205
1073208
1073209
1073210
1073212
1073213
1073215
1073216
1073217
1073218
1073220
1073222
1073223
1073224
1073225
1073226
1073228
1073229
1073230
1073231
1073232
1073234
1073235
1073236
1073237
1073238
1073239
1073240
1073241
1073243
1073245
1073246
1073248
1073249
1073251
1073252
1073253
1073256
1073257
1073261
1073262
1073263
1073265
1073266
1073268
1073269
1073270
1073272
1073273
1073274
1073275
1073276
1073278
1073279
1073280
1073281
1073282
1073283
1073284
1073285
1073286
1073287
1073288
1073290
1073291
1073293
1073294
1073295
1073296
1073297
1073298
1073299
1073300
1073301
1073302
1073303
1073304
1073305
1073306
1073307
1073309
1073311
1073312
1073313
1073316
1073320
1073323
1073325
1073326
1073328
1073329
1073331
1073333
1073334
1073335
1073337
1073338
1073339
1073340
1073341
1073342
1073343
1073344
1073345
1073347
1073348
1073349
1073350
1073351
1073352
1073353
1073354
1073355
1073356
1073357
1073358
1073359
1073360
1073362
1073363
1073365
1073366
1073368
1073369
1073370
1073371
1073373
1073374
1073375
1073378
1073379
1073380
1073381
1073382
1073387
1073388
1073389
1073390
1073393
1073395
1073396
1073397
1073398
1073399
1073400
1073401
1073402
1073403
1073404
1073405
1073406
1073407
1073408
1073409
1073411
1073412
1073413
1073416
1073417
1073418
1073419
1073420
1073421
1073422
1073423
1073424
1073427
1073429
1073430
1073431
1073432
1073433
1073434
1073435
1073437
1073438
1073439
1073441
1073443
1073444
1073445
1073446
1073447
1073448
1073449
1073450
1073453
1073454
1073456
1073458
1073460
1073462
1073464
1073466
1073467
1073468
1073469
1073470
1073471
1073472
1073473
1073474
1073475
1073477
1073478
1073479
1073480
1073481
1073482
1073485
1073486
1073487
1073488
1073489
1073490
1073491
1073493
1073494
1073495
1073496
1073498
1073500
1073501
1073502
1073503
1073505
1073506
1073508
1073511
1073513
1073514
1073515
1073516
1073517
1073518
1073520
1073521
1073522
1073523
1073525
1073526
1073527
1073528
1073529
1073531
1073535
1073536
1073537
1073538
1073539
1073540
1073541
1073542
1073544
1073546
1073547
1073552
1073553
1073555
1073556
1073559
1073561
1073562
1073563
1073564
1073565
1073566
1073567
1073568
1073569
1073570
1073572
1073573
1073574
1073575
1073577
1073579
1073580
1073582
1073583
1073584
1073585
1073586
1073589
1073590
1073592
1073593
1073594
1073595
1073596
1073598
1073599
1073600
1073603
1073604
1073606
1073607
1073608
1073610
1073611
1073612
1073613
1073614
1073616
1073617
1073618
1073620
1073621
1073622
1073625
1073626
1073627
1073628
1073629
1073632
1073634
1073635
1073636
1073637
1073638
1073639
1073641
1073644
1073645
1073646
1073647
1073648
1073650
1073651
1073652
1073653
1073654
1073655
1073656
1073658
1073659
1073662
1073663
1073665
1073666
1073667
1073669
1073671
1073672
1073673
1073674
1073676
1073677
1073678
1073679
1073680
1073681
1073682
1073684
1073685
1073687
1073689
1073690
1073691
1073692
1073694
1073696
1073698
1073699
1073700
1073701
1073703
1073704
1073705
1073706
1073707
1073708
1073709
1073710
1073711
1073712
1073714
1073716
1073717
1073720
1073722
1073723
1073725
1073727
1073729
1073730
1073731
1073732
1073733
1073734
1073735
1073736
1073738
1073740
1073741
1073742
1073743
1073744
1073745
1073748
1073749
1073750
1073751
1073752
1073754
1073756
1073757
1073758
1073759
1073761
1073762
1073763
1073764
1073765
1073766
1073769
1073770
1073771
1073772
1073773
1073774
1073776
1073777
1073778
1073779
1073782
1073783
1073784
1073785
1073786
1073789
1073790
1073791
1073792
1073794
1073795
1073797
1073798
1073799
1073801
1073802
1073804
1073805
1073806
1073809
1073812
1073813
1073814
1073815
1073817
1073818
1073819
1073820
1073821
1073823
1073824
1073825
1073826
1073827
1073829
1073830
1073831
1073832
1073833
1073834
1073835
1073836
1073837
1073839
1073840
1073841
1073842
1073844
1073845
1073846
1073847
1073848
1073851
1073853
1073854
1073857
1073858
1073859
1073860
1073861
1073863
1073865
1073868
1073869
1073871
1073873
1073874
1073875
1073876
1073877
1073878
1073880
1073881
1073882
1073883
1073884
1073885
1073886
1073887
1073889
1073890
1073891
1073893
1073894
1073897
1073899
1073900
1073901
1073902
1073903
1073904
1073905
1073906
1073908
1073909
1073910
1073911
1073912
1073913
1073914
1073915
1073917
1073918
1073921
1073922
1073926
1073928
1073929
1073931
1073933
1073934
1073935
1073938
1073940
1073942
1073943
1073944
1073945
1073946
1073947
1073948
1073949
1073950
1073951
1073952
1073953
1073954
1073955
1073956
1073957
1073958
1073959
1073961
1073963
1073964
1073965
1073966
1073968
1073969
1073970
1073972
1073974
1073975
1073976
1073977
1073978
1073981
1073983
1073984
1073985
1073986
1073987
1073989
1073990
1073992
1073993
1073994
1073995
1073999
1074000
1074002
1074003
1074004
1074006
1074008
1074009
1074010
1074011
1074013
1074014
1074015
1074016
1074017
1074018
1074019
1074020
1074021
1074022
1074024
1074025
1074027
1074029
1074031
1074032
1074033
1074036
1074038
1074040
1074041
1074043
1074044
1074045
1074046
1074049
1074050
1074051
1074052
1074055
1074056
1074057
1074059
1074060
1074061
1074065
1074066
1074067
1074068
1074069
1074071
1074073
1074074
1074075
1074077
1074078
1074079
1074080
1074082
1074083
1074084
1074085
1074086
1074087
1074088
1074090
1074092
1074093
1074094
1074095
1074096
1074099
1074100
1074101
1074104
1074108
1074111
1074112
1074113
1074114
1074115
1074116
1074117
1074118
1074119
1074120
1074121
1074122
1074123
1074124
1074125
1074126
1074128
1074129
1074130
1074132
1074133
1074134
1074136
1074138
1074143
1074144
1074146
1074147
1074148
1074153
1074154
1074155
1074156
1074157
1074158
1074159
1074160
1074161
1074162
1074163
1074164
1074165
1074168
1074169
1074170
1074171
1074172
1074173
1074174
1074175
1074176
1074177
1074179
1074180
1074181
1074182
1074183
1074184
1074185
1074186
1074187
1074188
1074189
1074190
1074191
1074192
1074193
1074196
1074197
1074198
1074199
1074200
1074204
1074209
1074210
1074212
1074213
1074215
1074216
1074217
1074218
1074219
1074220
1074221
1074222
1074225
1074226
1074227
1074228
1074229
1074230
1074231
1074232
1074233
1074234
1074236
1074237
1074238
1074239
1074241
1074242
1074243
1074245
1074246
1074247
1074248
1074250
1074251
1074253
1074255
1074256
1074258
1074259
1074262
1074263
1074264
1074266
1074267
1074269
1074270
1074271
1074274
1074275
1074276
1074277
1074279
1074280
1074281
1074282
1074283
1074284
1074285
1074288
1074289
1074290
1074292
1074293
1074294
1074295
1074297
1074298
1074299
1074300
1074301
1074302
1074303
1074305
1074306
1074307
1074309
1074310
1074312
1074313
1074315
1074316
1074317
1074318
1074319
1074320
1074322
1074325
1074326
1074327
1074328
1074329
1074330
1074332
1074333
1074336
1074337
1074340
1074341
1074342
1074343
1074344
1074345
1074347
1074349
1074350
1074352
1074353
1074356
1074358
1074359
1074360
1074361
1074363
1074364
1074365
1074368
1074369
1074371
1074372
1074373
1074374
1074376
1074377
1074379
1074380
1074381
1074382
1074383
1074387
1074388
1074389
1074390
1074391
1074392
1074393
1074394
1074395
1074396
1074397
1074400
1074401
1074404
1074405
1074407
1074408
1074410
1074411
1074412
1074414
1074415
1074416
1074418
1074419
1074420
1074421
1074423
1074424
1074425
1074426
1074429
1074430
1074431
1074433
1074434
1074435
1074436
1074438
1074440
1074441
1074442
1074444
1074450
1074451
1074452
1074453
1074454
1074455
1074456
1074457
1074458
1074459
1074460
1074461
1074463
1074465
1074467
1074468
1074469
1074471
1074472
1074473
1074474
1074475
1074477
1074478
1074479
1074480
1074481
1074482
1074483
1074485
1074486
1074488
1074489
1074492
1074493
1074495
1074497
1074500
1074501
1074503
1074505
1074507
1074508
1074509
1074512
1074513
1074514
1074515
1074516
1074517
1074518
1074519
1074520
1074521
1074522
1074523
1074525
1074526
1074530
1074531
1074532
1074533
1074534
1074535
1074538
1074539
1074542
1074543
1074544
1074546
1074548
1074549
1074550
1074551
1074552
1074553
1074554
1074556
1074558
1074559
1074561
1074562
1074563
1074564
1074565
1074567
1074568
1074569
1074570
1074574
1074575
1074576
1074579
1074581
1074582
1074583
1074585
1074587
1074588
1074589
1074591
1074593
1074594
1074595
1074596
1074598
1074599
1074600
1074601
1074602
1074603
1074606
1074607
1074608
1074609
1074612
1074615
1074616
1074617
1074618
1074620
1074622
1074623
1074624
1074625
1074626
1074628
1074629
1074631
1074633
1074634
1074635
1074636
1074637
1074638
1074639
1074641
1074642
1074643
1074646
1074647
1074648
1074649
1074650
1074651
1074653
1074654
1074655
1074656
1074659
1074661
1074663
1074664
1074665
1074666
1074670
1074671
1074673
1074674
1074675
1074677
1074678
1074679
1074680
1074681
1074682
1074684
1074685
1074686
1074687
1074688
1074689
1074690
1074693
1074696
1074698
1074699
1074700
1074701
1074703
1074704
1074707
1074709
1074710
1074711
1074713
1074714
1074715
1074717
1074720
1074721
1074722
1074723
1074724
1074725
1074726
1074728
1074729
1074730
1074731
1074734
1074735
1074736
1074738
1074739
1074742
1074743
1074745
1074746
1074747
1074748
1074749
1074750
1074753
1074754
1074755
1074756
1074758
1074760
1074761
1074762
1074763
1074766
1074767
1074769
1074770
1074771
1074773
1074774
1074778
1074780
1074781
1074782
1074786
1074788
1074789
1074790
1074793
1074795
1074796
1074798
1074802
1074803
1074804
1074808
1074813
1074817
1074821
1074822
1074824
1074825
1074828
1074831
1074836
1076419
1076420
1076421
1076422
1076427
1076432
1076436
1076438
1076440
1076441
1076444
1076449
1076455
1076456
1076457
1076459
1076461
1076463
1076467
1076473
1076475
1076476
1076477
1076480
1076484
1076487
1076490
1076491
1076496
1076498
1076500
1076501
1076504
1076511
1076514
1076515
1076517
1076518
1076521
1076523
1076524
1076531
1076532
1076537
1076540
1076542
1076544
1076545
1076547
1076552
1076555
1076558
1076559
1076561
1076563
1076566
1076572
1076575
1076580
1076581
1076585
1076587
1076591
1076594
1076598
1076600
1076602
1076604
1076605
1076613
1076615
1076619
1076620
1076621
1076626
1076628
1076631
1076634
1076637
1076640
1076645
1076647
1076650
1076653
1076655
1076656
1076660
1076663
1076667
1076669
1076671
1076674
1076677
1076681
1076682
1076684
1076689
1076691
1076692
1076694
1076699
1076701
1076702
1076703
1076705
1076706
1076710
1076717
1076720
1076721
1076722
1076724
1076729
1076733
1076738
1076740
1076742
1076744
1076745
1076750
1076753
1076756
1076757
1076760
1076763
1076766
1076769
1076772
1076773
1076775
1076777
1076780
1076782
1076786
1076789
1076791
1076794
1076795
1076798
1076800
1076805
1076807
1076809
1076812
1076815
1076817
1076820
1076822
1076825
1076827
1076831
1076832
1076835
1076839
1076843
1076845
1076846
1076849
1076852
1076854
1076857
1076859
1076864
1076867
1076869
1076871
1076872
1076874
1076879
1076885
1076887
1076888
1076891
1076894
1076896
1076898
1076900
1076904
1076907
1076908
1076909
1076914
1076917
1076924
1076926
1076928
1076929
1076930
1076934
1076938
1076940
1076945
1076948
1076950
1076952
1076956
1076959
1076961
1076966
1076969
1076971
1076972
1076975
1076977
1076981
1076984
1076987
1076990
1076992
1076993
1076997
1077001
1077005
1077009
1077011
1077012
1077014
1077016
1077019
1077023
1077027
1077030
1077032
1077034
1077035
1077040
1077042
1077045
1077049
1077050
1077053
1077055
1077058
1077061
1077066
1077068
1077070
1077073
1077076
1077077
1077078
1077082
1077088
1077090
1077092
1077094
1077096
1077098
1077103
1077107
1077109
1077110
1077112
1077116
1077120
1077124
1077127
1077129
1077132
1077133
1077136
1077139
1077142
1077144
1077149
1077150
1077154
1077156
1077158
1077161
1077164
1077168
1077169
1077173
1077174
1077177
1077178
1077181
1077188
1077189
1077192
1077195
1077197
1077199
1077200
1077203
1077206
1077209
1077214
1077215
1077217
1077219
1077222
1077226
1077227
1077229
1077232
1077237
1077241
1077244
1077246
1077247
1077250
1077254
1077257
1077260
1328667
1328668
1328669
1328670
1328671
1328672
1328673
1328674
1328675
1328676
1328677
1328678
1328679
1328680
1328681
1328682
1328683
1328684
1328685
1328686
1328687
1328688
1328689
1328690
1328691
1328692
1328693
1328694
1328695
1328696
1328697
1328698
1328699
1328700
1328701
1328702
1328703
1328704
1328705
1328706
1328707
1328708
1328709
1328710
1328711
1328712
1328713
1328714
1328715
1328716
1328717
1328718
1328719
1328720
1328721
1328722
1328723
1328724
1328725
1328726
1328727
1328728
1328729
1328730
1328731
1328732
1328733
1328734
1328735
1328736
1328737
1328738
1328739
1328740
1328741
1328742
1328743
1328744
1328745
1328746
1328747
1328748
1328749
1328750
1328751
1328752
1328753
1328754
1328755
1328756
1328757
1328758
1328759
1328760
1328761
1328762
1328763
1328764
1328765
1328766
1328767
1328768
1328769
1328770
1328771
1328772
1328773
1328774
1328775
1328776
1328777
1328778
1328779
1328780
1328781
1328782
1328783
1328784
1328785
1328786
1328787
1328788
1328789